	WT	K101P	K101Q	K101T	E138K	Q155H	K101P_Q155H	K101Q_Q155H	K101T_Q155HWT	0.999940494	3.01393E-13	5.48984E-07	5.48985E-07	5.68783E-05	1.53008E-06	4.61181E-19	8.40037E-13	8.40038E-13K101P	2.67637E-11	0.999987773	3.991E-06	6.70613E-06	1.52236E-15	4.09528E-17	1.53015E-06	6.1069E-12	1.02615E-11K101Q	6.70614E-06	5.49013E-07	0.999991214	3.68168E-12	3.81457E-10	1.02615E-11	8.40081E-13	1.53015E-06	5.63358E-18K101T	3.99103E-06	5.49014E-07	2.19107E-12	0.99999393	2.27016E-10	6.10693E-12	8.40083E-13	3.35271E-18	1.53016E-06E138K	1.15302E-05	3.47533E-18	6.33028E-12	6.33029E-12	0.99998847	1.76431E-11	5.31783E-24	9.68638E-18	9.6864E-18Q155H	1.27895E-05	3.85489E-18	7.02164E-12	7.02165E-12	7.27488E-10	0.999986112	3.01406E-13	5.49009E-07	5.4901E-07K101P_Q155H	3.42294E-16	1.27894E-05	5.1043E-11	8.57681E-11	1.94703E-20	2.67633E-11	0.999976513	3.99096E-06	6.70605E-06K101Q_Q155H	8.57683E-11	7.02161E-12	1.27894E-05	4.70869E-17	4.87865E-15	6.70607E-06	5.49006E-07	0.999979955	3.68164E-12K101T_Q155H	5.10433E-11	7.02162E-12	2.80228E-17	1.27894E-05	2.90343E-15	3.99098E-06	5.49008E-07	2.19105E-12	0.999982671